https://oauth.vk.com/authorize?client_id=5563738&scope=notify,photos,friends,audio,video,notes,pages,docs,status,questions,offers,wall,groups,messages,notifications,stats,ads,offline&redirect_uri=http://api.vk.com/blank.html&display=page&response_type=token

???????????????? ‡‡‡

9e0d10762f7f5de13ed3ab69b576fcb4c7bad09ac2a51462889b9db1d8c0aa7ac47ec40ceadf5d506f38b


import vk_api
vk_session = vk_api.VkApi(token="9e0d10762f7f5de13ed3ab69b576fcb4c7bad09ac2a51462889b9db1d8c0aa7ac47ec40ceadf5d506f38b")
vk = vk_session.get_api()
members=vk.groups.getMembers(group_id=148211585,sort="time_asc")
users=members["items"]
with open('curuser3.pickle', 'wb') as f:
     pickle.dump(users,f)
			
			
			
			
			
			
			
			
			
			
			
			
			
			5949281, 6242421, 124982361, 279766260, 161553548, 277214026, 15166986, 15891992, 5637727, 71058049, 12769516, 3583892, 8252246, 11395420, 165288691, 304260197, 167126951, 136659428, 322631951, 22752433, 98618984, 4879195, 182774010, 138300629, 275907896, 31290041, 383588994, 224112778, 39804181, 93111666, 223695336, 153010304, 348343725, 147417201, 134401027, 34434321, 347231614, 99859343, 11457716, 62301622, 136271132, 195036132, 243548147, 276263645, 6769992, 177826338, 298158310, 34230952, 18679777, 127011821, 194279789, 136304194, 13064323, 223974063, 308169174, 20429062, 335535610, 152743239, 6153981, 132715976, 140383833, 82459630, 7818825, 327983250, 15647375, 313190174, 6235263, 95885061, 278112415, 150773909, 144935975, 80896011, 362468099, 359333290, 358587597, 181972294, 165603363, 124842785, 52425001, 278067804, 151195412, 192891544, 72258940, 74267867, 394180043, 69329810, 17835347, 333974333, 366935986, 329839446, 85378197, 96476107, 108151723, 13590924, 376898487, 221934567, 290936438, 20589318, 200620753, 88960008, 229992195, 163232121, 255422111, 283513059, 360929704, 41850600, 174767596, 10602250, 205909805, 350895979, 64287841, 384513679, 383442178, 343667436, 17058342, 230438634, 90978917, 155561433, 357330171, 314185038, 79502850, 33569016, 277176447, 279326956, 198608664, 101960802, 372632180, 147445265, 180169735, 204211568, 47476256, 134236862, 346030741, 36130110, 6431390, 421417729, 357945156, 384721189, 70115735, 137226755, 154765652, 206328903, 183347450, 265042996, 51965641, 196121771, 144372377, 156332819, 212190847, 175585953, 124313749, 131734533, 142823803, 118919017, 83566864, 189440784, 73728515, 35246486, 324953893, 72855421, 130247398, 180776872, 137838605, 175095854, 6243836, 70480667, 156237184, 63799829, 22762324, 267150786, 88116652, 95869101, 391548869, 288675757, 166240104, 339364875, 235362773, 382948481, 47024698, 6409805, 140367273, 188694300, 125409523, 28516051, 224684878, 254180418, 178884296, 106490141, 232930654, 96503586, 294063970, 186155028, 230101604, 132727373, 152149013, 90639988, 368184578, 345402218, 178221650, 306038715, 61882186, 139320204, 244547185, 179566267, 109315089, 184720889, 122077654, 140260129, 280350425, 15905601, 419457878, 322782836, 183054360, 146501841, 152021390, 181694964, 79370483, 164099088, 289224599, 66969059, 229302463, 213510137, 109856115, 234893349, 171710178, 150935480, 137101705, 158155989, 364964690, 299983969, 145481919, 69518323, 13790705, 324004636, 354283192, 91258444, 11562123, 187098908, 417551708, 327154528, 201353359, 263002211, 195958574, 71197146, 166638941, 72275558, 87021562, 20263545, 393287890, 65586406, 139255123, 178068977, 424196286, 19882838, 137797715, 324471543, 272200462, 138296933, 27927105, 181307484, 290127608, 17275340, 135484787, 331025366, 212414421, 189955882, 175609497, 83384316, 352451790, 185860657, 16153408, 291319183, 361628479, 301864468, 173006292, 26829584, 191672754, 199997905, 188224810, 17319661, 170662926, 349370585, 63112610, 143188071, 403189974, 83925315, 229224105, 11571483, 1294284, 89922126, 113817840, 104797949, 199915300, 53012608, 134480522, 89453559, 64588595, 30661863, 79634027, 174717103, 360729122, 413553254, 165404917, 254962273, 337329665, 93903291, 311310723, 54759159, 289148416, 173308938, 166923889, 83702285, 68583789, 5708194, 132370680, 145711373, 37902941, 203755704, 69074241, 138961882, 169360139, 100223782, 198391518, 279824683, 190981544, 341409701, 20430901, 7305499, 139099026, 32773950, 10056392, 10588688, 18183105, 87610693, 125261924, 376446208, 65611659, 156524368, 312630868, 94612395, 67623744, 133038197, 51715642, 240785813, 177726263, 25943841, 2283022, 38080901, 60412511, 78784407, 150811375, 70111692, 92692619, 305902660, 87423799, 204394493, 345785014, 204827675, 154751016, 178136903, 216271631, 150750716, 136349148, 29746846, 320310818, 160124830, 380609216, 310127336, 245750540, 131488722, 312259072, 102406447, 29706157, 112637998, 399192247, 50024518, 17902423, 118457214, 117497551, 384231588, 140691448, 105206390, 382158595, 96836956, 13888707, 169342321, 145402022, 157144357, 42849492, 167251526, 10706694, 150900411, 185746761, 133278098, 332364653, 145004781, 306758667, 151613839, 83905527, 6533669, 310696931, 402125945, 335491384, 186845866, 38239771, 142809020, 111018593, 15947744, 154032696, 268519762, 109394971, 190423823, 56034627, 32061695, 43788148, 37834775, 17218910, 132077120, 317764844, 106822774, 19168177, 131736254, 280103065, 20341331, 299738307, 10411056, 238734044, 134011115, 181583124, 167727697, 18529519, 168628394, 61012002, 34775366, 200195815, 124113570, 173829726, 389997707, 78491893, 150743242, 15392516, 132870229, 17093857, 228481568, 6370821, 287344831, 8612391, 137956903, 343437983, 139964781, 120891317, 17627963, 60691545, 113483829, 8195600, 229136497, 161059269, 69964056, 13903411, 411889731, 160408800, 10470259, 337760480, 65048368, 155479096, 24476008, 58827510, 379472276, 59206818, 114350076, 75382285, 182595059, 155963386, 262365601, 277582863, 399058318, 163758213, 115733434, 336895799, 18029274, 147792621, 16705450, 422762298, 7719573, 256976793, 93312599, 18239673, 99427039, 113013582, 87101520, 93255271, 415026074, 153160693, 338327798, 350170830, 184374725, 110889452, 63052830, 294985905, 149527771, 391882533, 40856429, 36401345, 205941803, 132245768, 189686494, 59607674, 99359284, 431285934, 186990806, 177804688, 139430847, 154546962, 304236628, 21320828, 391761046, 146949310, 92207687, 169098107, 353509579, 167675060, 199491440, 436880666, 92113001, 152466317, 36582562, 417255105, 72585402, 123150455, 106729188, 45508569, 58209207, 136870478, 417124002, 79452384, 156961300, 395982895